33100.00
25750.47
29000.00
38090.50
23900.00
21833.00
29750.00
45500.90
34765.00
19990.90
39432.40
22222.22
41000.44
37750.00
20000.00
32500.00
41040.00
23900.00
33333.33
32870.90
40000.00
28999.00
45999.99
50000.00 
-1.0
7.50
11.20
10.00
11.60
9.90
11.10
8.50
8.20
10.80
8.50
9.40
9.10
11.80
10.30
10.20
13.30
9.80
10.60
9.20
10.20
11.50
10.90
10.00
5.70
10.80
7.70
9.40
12.10
10.00
10.70
10.40
6.70
11.10
8.80
8.70
9.70
10.20
9.80
10.10
8.80
9.00
9.30
8.50
10.70
8.00
10.60
12.00
9.10
10.10
10.30
9.50
11.70
14.20
9.40
9.30
7.20
9.80
10.50
12.20
10.40
-1.0
86.716
99.229
77.489
-1.0
-1.0
48.646
35.663
11.712
45.717
54.293
63.681
36.943
28.725
9.376
18.132
98.430
52.536
61.376
98.221
76.154
11.848
32.773
36.332
7.021
41.065
19.984
11.505
45.964
88.565
8.424
43.469
29.880
5.118
58.365
40.680
11.584
82.405
41.278
0.810
55.967
2.576
31.361
87.103
15.554
84.774
81.920
29.054
27.641
39.572
41.307
20.841
0.200
67.260
88.094
15.947
-1.0
78.746
60.914
90.175
41.412
11.344
0.188
17.477
80.149
53.949
46.768
62.978
94.771
